[[cases]]
name = "api_default_expr"
kind = "api_default"
expression = "(((x + 1.25) ^ 2 + y * 3.5 - z / 7.0) * (x - y + 2.0)) / 3.0"
build_iters = 20000     # 构建阶段的迭代次数
compile_iters = 2000    # 编译阶段的迭代次数
exec_iters = 1000000    # 执行阶段的迭代次数

[cases.result]
checksum = 3818448.6340786573   # 结果的校验和，用于验证计算结果的正确性

[cases.result.build]
total_ms = 702.7742000000001    # 构建阶段的总耗时，单位为毫秒
avg_ns = 35138.71               # 构建阶段的平均耗时，单位为纳秒
iter_s = 28458.64290407929      # 构建阶段的每秒迭代次数

[cases.result.compile]
total_ms = 1511.4062999999999   # 编译阶段的总耗时，单位为毫秒
avg_ns = 755703.15              # 编译阶段的平均耗时，单位为纳秒
iter_s = 1323.2709166291024     # 编译阶段的每秒迭代次数

[cases.result.execute]
total_ms = 21.3734              # 执行阶段的总耗时，单位为毫秒
avg_ns = 21.3734                # 执行阶段的平均耗时，单位为纳秒
iter_s = 46787127.92536517      # 执行阶段的每秒迭代次数

[[cases]]
name = "string_default_expr"
kind = "string"
expression = "(((x + 1.25) ^ 2 + y * 3.5 - z / 7.0) * (x - y + 2.0)) / 3.0"
build_iters = 20000
compile_iters = 2000
exec_iters = 1000000

[cases.result]
checksum = 3818448.6340786573

[cases.result.build]
total_ms = 2014.3958
avg_ns = 100719.79
iter_s = 9928.535395079756

[cases.result.compile]
total_ms = 1743.274
avg_ns = 871637.0
iter_s = 1147.2665800097977

[cases.result.execute]
total_ms = 22.6851
avg_ns = 22.6851
iter_s = 44081798.18471155
