[[cases]]
name = "api_default_expr"
kind = "api_default"
expression = "(((x + 1.25) ^ 2 + y * 3.5 - z / 7.0) * (x - y + 2.0)) / 3.0"
build_iters = 20000
compile_iters = 2000
exec_iters = 1000000

[cases.result]
checksum = 3818448.6340786573

[cases.result.build]
total_ms = 204.85719999999998
avg_ns = 10242.86
iter_s = 97628.98253026987

[cases.result.compile]
total_ms = 2121.7500999999997
avg_ns = 1060875.0499999998
iter_s = 942.6180774069483

[cases.result.execute]
total_ms = 17.9526
avg_ns = 17.9526
iter_s = 55702238.1159275

[[cases]]
name = "string_default_expr"
kind = "string"
expression = "(((x + 1.25) ^ 2 + y * 3.5 - z / 7.0) * (x - y + 2.0)) / 3.0"
build_iters = 20000
compile_iters = 2000
exec_iters = 1000000

[cases.result]
checksum = 3818448.6340786573

[cases.result.build]
total_ms = 228.19500000000002
avg_ns = 11409.75
iter_s = 87644.33927123732

[cases.result.compile]
total_ms = 6023.5694
avg_ns = 3011784.7
iter_s = 332.02904576811216

[cases.result.execute]
total_ms = 60.2727
avg_ns = 60.2727
iter_s = 16591259.392726725
